11 21 27 36 62 24
08 17 49 52 59 01
11 14 23 47 57 14
10 17 31 51 53 01
16 17 20 53 67 04
27 52 55 60 64 21
15 21 22 27 47 07
01 04 11 20 69 18
05 21 22 29 43 10
08 12 19 47 58 02
19 30 36 42 66 14
13 23 47 55 58 23
05 12 34 45 56 03
02 06 18 36 37 21
02 03 14 40 51 24
07 14 17 57 65 24
06 25 36 43 48 24
07 29 35 40 45 26
05 21 36 61 62 18
16 25 36 44 55 14
13 16 32 58 59 09
27 47 61 62 69 04
14 19 61 62 64 04
03 10 34 36 62 05
16 21 27 60 61 06
15 28 52 53 63 18
09 36 49 56 62 08
15 22 27 33 46 23
10 31 41 63 67 05
07 10 63 64 68 10
02 12 32 50 65 05
10 33 41 52 54 18
01 17 38 68 69 18
01 03 26 41 64 17
13 32 41 58 60 14
38 58 59 64 68 21
02 08 18 21 23 16
18 34 40 42 50 09
08 12 26 39 42 11
39 53 54 56 57 20
12 18 42 48 65 19
07 08 35 50 65 20
13 16 33 58 68 24
02 20 49 61 67 20
01 03 21 47 57 18
01 33 35 40 69 24
04 44 46 56 63 19
10 12 33 36 41 02
22 29 30 42 47 17
02 37 39 48 54 05
08 31 39 40 43 04
33 35 45 48 60 16
07 40 48 55 66 11
05 09 27 39 42 16
02 23 40 59 69 13
15 27 44 59 63 08
09 23 26 30 32 08
04 29 49 50 67 02
07 15 21 33 62 23
18 43 58 60 68 14
24 44 46 50 51 13
08 27 29 36 47 24
25 37 39 61 62 11
10 12 15 19 56 19
16 32 35 36 46 03
14 47 54 55 68 25
35 49 50 59 66 06
23 30 35 41 57 02
12 33 54 57 60 13
09 12 15 31 60 02
02 09 17 36 67 18
11 33 44 59 67 08
20 24 38 56 68 18
39 41 53 55 68 19
03 21 23 31 59 03
02 04 07 43 56 22
01 11 21 25 54 07
49 53 57 59 62 26
20 23 39 59 60 18
02 04 16 30 46 20
19 31 35 50 67 14
14 18 26 39 68 09
03 06 12 32 64 19
24 29 42 44 63 10
18 42 53 62 66 25
08 27 44 51 61 14
15 35 42 63 68 18
15 26 37 53 55 21
28 35 38 61 66 23
07 15 39 40 57 12
14 22 26 55 63 26
23 26 27 28 66 11
14 17 35 38 60 25
15 28 46 62 64 17
03 23 32 37 58 22
19 22 52 56 67 21
03 20 48 54 59 04
05 12 50 61 69 23
14 27 29 59 65 12
01 05 25 63 67 03
12 29 34 53 65 23
05 18 33 43 65 02
06 14 36 51 54 04
04 08 10 43 53 07
15 23 34 51 55 04
37 43 44 45 53 25
01 09 22 36 68 22
14 19 39 47 51 15
11 27 31 36 67 11
06 17 24 53 57 03
11 20 41 42 56 06
04 08 30 52 59 02
14 41 50 56 57 18
09 32 37 41 56 14
05 12 20 21 47 01
12 21 22 29 32 21
18 21 24 30 60 20
10 13 30 51 69 10
35 41 44 58 59 03
08 32 47 53 59 03
03 06 45 66 68 13
14 37 47 55 67 06
01 19 31 48 61 06
22 29 35 53 56 13
05 26 36 64 69 19
19 43 47 60 68 10
13 23 32 35 68 21
07 09 26 44 68 03
04 08 23 46 65 01
40 43 45 50 61 25
13 17 24 59 62 08
01 05 16 22 54 24
03 06 11 14 66 21
04 18 21 26 38 01
08 11 14 16 49 14
05 35 38 42 57 13
09 13 42 48 60 18
17 23 28 34 38 08
06 15 34 45 52 08
03 32 34 42 61 07
01 02 39 43 66 02
07 10 20 44 57 03
02 10 25 66 67 26
07 17 33 61 68 04
06 08 09 37 40 26
01 45 53 64 66 03
06 16 23 30 61 02
05 23 28 56 66 17
02 29 41 45 62 06
06 32 35 36 65 04
03 27 30 63 65 01
01 15 17 46 66 15
04 17 26 32 49 10
12 21 23 39 67 06
15 33 43 59 60 08
16 19 25 32 49 18
21 52 54 64 68 04
16 20 37 44 62 12
24 25 52 60 66 05
10 14 50 53 63 21
30 34 39 53 67 11
18 36 45 47 69 14
05 06 45 55 59 14
06 10 21 35 46 23
01 19 25 27 68 21
21 31 42 49 59 23
04 06 14 20 32 13
27 49 50 51 52 02
29 30 41 48 64 01
02 08 14 24 69 26
